528
788
586
508
498
300
941
245
336
29
506
107
527
37
345
22
821
649
286
42
466
178
371
462
468
827
607
541
571
826
823
447
756
776
577
855
94
786
785
553
1
343
720
539
6
76
548
539
284
399
174
359
541
410
165
551
28
370
961
537
233
936
116
322
23
652
797
994
329
901
65
661
717
225
721
737
975
499
79
855
927
993
419
442
405
533
541
765
566
362
664
582
579
295
545
39
23
313
774
845
522
346
417
555
534
290
450
442
25
682
21
74
531
650
68
100
401
737
527
385
856
574
965
999
205
552
692
201
175
947
413
236
457
343
870
598
462
455
732
234
887
489
915
661
631
423
921
479
26
366
313
988
918
165
806
486
505
290
803
334
848
818
318
896
765
850
450
334
36
238
855
926
888
447
837
391
257
89
509
807
350
333
468
92
124
914
813
483
385
381
246
334
516
646
604
917
764
458
563
680
917
603
331
535
786
8
668
630
342
225
896
369
946
405
236
16
773
798
451
512
280
896
364
184
830
216
395
469
7
413
811
977
98
30
87
279
980
574
266
447
509
57
469
489
680
381
6
764
295
35
300
114
545
950
511
739
345
920
958
270
254
603
982
595
80
810
68
877
406
141
104
184
286
470
709
441
879
823
454
744
359
188
782
869
21
226
76
95
723
256
662
39
350
423
363
627
527
167
485
204
351
922
256
108
223
783
232
962
621
536
983
658
471
785
732
881
979
619
117
143
868
622
873
283
331
824
212
37
496
39
751
596
963
526
838
988
881
570
528
654
709
896
161
865
588
229
533
357
509
507
88
741
862
265
84
13
303
705
962
472
534
209
813
152
837
865
88
909
37
330
536
306
454
943
839
137
962
383
131
338
149
473
954
892
504
242
984
141
566
925
73
220
640
863
894
95
5
33
457
390
842
272
477
973
457
129
852
215
882
180
463
296
398
67
497
552
661
341
356
508
221
71
831
125
544
486
885
242
102
182
341
914
838
77
423
776
480
728
578
581
443
168
172
513
326
140
152
463
381
498
598
832
21
995
696
497
702
149
292
12
724
998
300
912
882
293
792
809
720
923
451
912
825
95
189
968
768
380
203
734
961
717
665
63
266
523
721
133
591
735
277
71
361
681
154
420
220
908
171
308
491
220
500
171
878
270
745
687
191
11
640
600
881
65
767
763
516
391
375
631
601
721
260
546
47
986
821
215
772
958
51
343
711
388
450
794
75
986
210
474
290
812
793
778
164
34
634
54
806
759
54
372
772
855
602
1
659
612
703
866
542
620
779
946
384
83
932
117
756
857
701
236
832
286
208
310
463
953
673
436
767
222
47
57
734
977
981
981
306
533
167
348
120
318
837
19
183
515
709
881
55
335
344
246
665
32
164
411
812
368
715
181
298
866
286
97
304
34
15
761
392
81
986
621
439
587
431
984
550
491
885
959
224
168
605
476
958
405
277
801
436
883
905
734
976
382
79
393
470
226
986
937
932
242
266
383
193
583
903
507
831
439
238
755
100
890
681
825
749
108
478
331
342
124
62
549
173
334
161
260
595
763
411
661
630
70
63
809
952
562
731
480
3
871
862
284
392
821
408
431
442
15
463
113
708
429
329
937
478
673
670
460
976
493
972
410
963
196
837
441
347
320
751
429
169
732
760
116
797
668
251
22
631
848
433
206
170
698
276
918
229
951
246
54
379
857
573
986
876
531
756
333
120
77
531
309
818
593
461
100
268
781
592
479
136
781
277
107
767
218
875
798
979
352
742
157
481
951
364
500
781
662
85
235
75
528
152
964
254
17
169
917
488
857
612
482
234
568
732
210
245
199
209
588
880
312
414
14
298
117
443
256
152
203
136
464
469
228
403
170
496
790
799
506
112
750
15
36
507
819
891
640
817
249
776
913
999
894
674
278
485
768
218
943
694
615
909
58
199
318
809
620
648
589
695
129
928
711
887
495
921
315
679
100
626
3
938
284
314
95
181
773
244
6
191
141
710
150
852
944
526
405
793
465
40
533
196
527
599
606
2
688
242
894
789
166
644
606
272
11
595
181
955
26
77
487
259
111
36
207
713
92
880
784
516
511
375
706
41
420
629
969
115
761
170
5
605
229
820
672
336
805
692
773
519
399
581
651
854
232
888
972
829
377
670
558
730
38
239
884
389
729
102
472
838
551
641
489
302
271
554
18
205
113
873
313
190
312
221
795
589
695
672
776
503
748
575
201
307
51
771
253
470
809
717
542
78
556
217
468
661
581
569
69
404
591
516
947
142
625
